2
3
2.0022203583300984
3.0013100929019414
2
4
2.0023854622185318
4.001430035403018
2
5
2.0021300831500377
5.001480495374078
2
6
2.002316698466551
6.001435456036272
2
7
2.0024156490408274
7.001292316948094
2
8
2.0021498059143017
8.001291972274796
2
9
2.002303929015034
9.001338486158952
2
1
2.0012613782181186
1.0054562155468287
2
2
2.002334537648173
2.0017262320750566
2
0
2.003908387539913
-0.0036759782609423045
-2
0
-2.003779161674941
-0.0046987286577213645
-2
2
-2.002200944963332
2.001984444149831
-2
3
-2.0023783534253585
3.001432650689178
-2
4
-2.0024239566863815
4.00129790089037
-2
5
-2.0023307052673682
5.001202356760922
-2
6
-2.0020843813324465
6.001195326137632
-2
7
-2.0024591952654447
7.001062558744805
-2
8
-2.0024770618999876
8.001093228637844
-2
9
-2.0024747297941246
9.001279961371583
-3
-1
-2.984807555302913
-1.0524468970452927
-3
-2
-2.9939443058535296
-2.013261359030743
-3
-3
-2.9952177211242605
-3.007868665900363
-3
-4
-2.9962601750656925
-4.005338756777285
-3
-5
-2.9963453145896435
-5.0044601550780525
-3
-6
-2.9964192021578726
-6.003878622436613
-3
-7
-2.996213310203263
-7.003528995892165
-3
-8
-2.996653162553973
-8.002962037338632
-3
-9
-2.996588543864996
-9.002802606736973
-3
-2
-3.002514254414708
-2.0007344813232164
-3
-3
-3.002560044894651
-3.0004507848313313
-3
-4
-3.0025442958551785
-4.000688713654963
-3
-5
-3.002135155159402
-5.000881604903127
-3
-6
-3.0025292380295925
-6.000858729920342
-3
-7
-3.0022519926922078
-7.0008466638897415
-3
-8
-3.0023217103157225
-8.00095218947106
-3
-9
-3.00239361900832
-9.000972014243745
0
0
-0.02697527000127668
0.11197809266813691
0
0
0.02890620915437667
-0.11846573051534502
0
0
-0.03003519652029585
-0.1166857158708492
0
0
0.030247263548791117
0.11751272979706003
2
2
2.0516202800707575
1.9512852462646166
-2
-2
-1.9220769441299912
-2.0792794173109566
2
-2
2.000082147762388
-2.003706740476167
-2
2
-2.003893277223997
2.000345306888367
-2
-2
-2.0000336541880688
-2.0037503099705636
-2
-2
-2.0038836219691496
-2.0004397881234213
2
2
1.9036358839371161
2.0957424165280156
-2
-2
-1.9037422905335826
-2.0959758539396818
1
1
1.092933547772441
0.9053206469685886
0
0
-0.0873600950042479
0.08798516934602121

